0 0 0 0
0.001 0.0054163 0.00266334 0
0.002 0.00869463 0.00549986 0
0.003 0.0315229 0.00266737 1.04874e-06
0.004 0.0503496 0.000720687 0.000777576
0.005 0.0606943 0.000729152 0.00220072
0.006 0.0698945 0.000734031 0.00354568
0.007 0.078244 0.000736194 0.00479692
0.008 0.0859348 0.000733869 0.00594504
0.009 0.093085 0.000732371 0.00698718
0.01 0.0997885 0.000731546 0.00791998
0.011 0.10612 0.00072875 0.00873974
0.012 0.112127 0.000726263 0.00944574
0.013 0.117855 0.000723291 0.0100361
0.014 0.123334 0.000722658 0.0105111
0.015 0.128605 0.000713606 0.0108634
0.016 0.133671 0.000710704 0.0111005
0.017 0.138564 0.000705554 0.0112163
0.018 0.143294 0.0007024 0.0112126
0.019 0.14788 0.000697584 0.011086
0.02 0.15233 0.000694321 0.0108379
0.021 0.156659 0.000689024 0.0104647
0.022 0.160872 0.000686222 0.00996874
0.023 0.164982 0.000680405 0.00934508
0.024 0.168992 0.000677288 0.00859696
0.025 0.172902 0.000681195 0.00772701
0.026 0.176745 0.000668322 0.00671516
0.027 0.1805 0.00066194 0.00557883
0.028 0.184178 0.000657113 0.00431312
0.029 0.187785 0.000651916 0.00291532
0.03 0.191325 0.000645871 0.00138382
0.031 0.194516 0.000944587 1.24932e-06
0.032 0.196182 0.00282559 2.00635e-06
0.033 0.197783 0.00475882 2.11796e-06
0.034 0.203947 0.00108542 0.000709614
0.035 0.205271 0.00326541 0.000722691
0.036 0.206548 0.00548614 0.000738499
0.037 0.207783 0.00774131 0.000752796
0.038 0.20898 0.0100292 0.000765811
0.039 0.210139 0.0123486 0.000778226
0.04 0.211261 0.0147004 0.000793062
0.041 0.212351 0.0170785 0.00080518
0.042 0.213423 0.0194891 0.000820227
0.043 0.214507 0.0219313 0.000832794
0.044 0.215595 0.0244118 0.000849824
0.045 0.216695 0.0269235 0.000861956
0.046 0.217801 0.0294729 0.000876197
0.047 0.218912 0.0320606 0.000892615
0.048 0.220031 0.034684 0.000907128
0.049 0.221157 0.0373436 0.000919511
0.05 0.222286 0.040045 0.000936431
0.051 0.22342 0.0427079 0.000952503
0.052 0.22456 0.0453032 0.000967544
0.053 0.225705 0.0478426 0.00098145
0.054 0.226854 0.0503321 0.000996028
0.055 0.228004 0.0527776 0.00101355
0.056 0.229159 0.0551799 0.00102905
0.057 0.230318 0.0575434 0.0010435
0.058 0.231479 0.0598726 0.00106047
0.059 0.232642 0.0621692 0.0010777
0.06 0.233807 0.0644353 0.00109439
0.061 0.234975 0.0666734 0.00111154
0.062 0.236146 0.0688835 0.00112386
0.063 0.237318 0.0710703 0.00113881
0.064 0.23849 0.0732362 0.00115857
0.065 0.239661 0.0753811 0.00117965
0.066 0.240836 0.0775044 0.00119601
0.067 0.242013 0.0796084 0.00121055
0.068 0.243187 0.081697 0.00123193
0.069 0.244365 0.0837671 0.00124743
0.07 0.245543 0.0858214 0.00126207
0.071 0.246717 0.0878634 0.00128526
0.072 0.247894 0.0898896 0.00130203
0.073 0.24907 0.0919037 0.00132291
0.074 0.250247 0.0939038 0.00133804
0.075 0.251424 0.0958923 0.00135385
0.076 0.252599 0.0978699 0.0013712
0.077 0.253771 0.0998388 0.00139702
0.078 0.254944 0.101796 0.00141554
0.079 0.256116 0.103744 0.001437
0.08 0.257287 0.105681 0.00145401
0.081 0.258457 0.107611 0.00147343
0.082 0.259626 0.109532 0.00149197
0.083 0.260794 0.111444 0.00150784
0.084 0.261957 0.113351 0.00153566
0.085 0.263122 0.115249 0.00155265
0.086 0.264283 0.11714 0.0015745
0.087 0.265443 0.119025 0.00159492
0.088 0.266604 0.120902 0.0016076
0.089 0.26776 0.122774 0.00162796
0.09 0.268911 0.124641 0.00165919
0.091 0.270065 0.1265 0.00167085
0.092 0.271213 0.128356 0.00169646
0.093 0.27236 0.130205 0.00171653
0.094 0.273503 0.132051 0.00174329
0.095 0.274648 0.133889 0.00175466
0.096 0.275786 0.135725 0.00178198
0.097 0.276924 0.137555 0.00179612
0.098 0.278058 0.139382 0.0018185
0.099 0.279187 0.141205 0.00184544
0.1 0.280314 0.143024 0.00187297
0.101 0.28144 0.144837 0.00188966
0.102 0.282563 0.146647 0.00190639
0.103 0.28368 0.148455 0.00193475
0.104 0.284796 0.150259 0.00195672
0.105 0.285907 0.152059 0.00198392
0.106 0.287017 0.153856 0.0020051
0.107 0.288122 0.15565 0.00202641
0.108 0.289225 0.15744 0.00204657
0.109 0.290322 0.159229 0.00207553
0.11 0.291417 0.161014 0.00210059
0.111 0.292511 0.162795 0.00210814
0.112 0.293598 0.164574 0.00213408
0.113 0.294681 0.166351 0.00216012
0.114 0.295759 0.168127 0.00219405
0.115 0.296836 0.169899 0.00221659
0.116 0.297908 0.171668 0.00223781
0.117 0.298975 0.173436 0.00226959
0.118 0.30004 0.175201 0.00228872
0.119 0.301101 0.176963 0.0023071
0.12 0.302155 0.178725 0.00234246
0.121 0.303207 0.180484 0.00236719
0.122 0.304257 0.18224 0.00237251
0.123 0.3053 0.183995 0.00239895
0.124 0.306337 0.185748 0.00243545
0.125 0.307373 0.187499 0.00244526
0.126 0.308401 0.189249 0.00248553
0.127 0.309425 0.190997 0.00251593
0.128 0.310449 0.192742 0.00251993
0.129 0.311463 0.194487 0.00255459
0.13 0.312474 0.196231 0.00258726
0.131 0.313482 0.197972 0.00260047
0.132 0.314484 0.199711 0.00262332
0.133 0.315478 0.201451 0.00267055
0.134 0.316472 0.203187 0.00268743
0.135 0.317458 0.204923 0.00271592
0.136 0.318442 0.206657 0.00273235
0.137 0.31942 0.20839 0.00274969
0.138 0.32039 0.210122 0.00279008
0.139 0.321359 0.211852 0.00280483
0.14 0.322319 0.213582 0.0028396
0.141 0.323276 0.21531 0.00286581
0.142 0.324226 0.217037 0.00289915
0.143 0.325173 0.218763 0.00292223
0.144 0.326113 0.220488 0.00295072
0.145 0.327048 0.222212 0.00297839
0.146 0.327976 0.223935 0.00301492
0.147 0.328903 0.225656 0.00302077
0.148 0.32982 0.227377 0.00305756
0.149 0.330733 0.229097 0.0030835
0.15 0.331641 0.230815 0.00309724
0.151 0.332543 0.232533 0.00311925
0.152 0.333439 0.23425 0.0031476
0.153 0.334325 0.235967 0.0032066
0.154 0.335211 0.237682 0.00321178
0.155 0.336089 0.239396 0.00323821
0.156 0.336959 0.24111 0.00328542
0.157 0.337824 0.242823 0.0033143
0.158 0.338684 0.244536 0.0033458
0.159 0.33954 0.246247 0.0033474
0.16 0.340384 0.247958 0.00340197
0.161 0.341226 0.249668 0.00342171
0.162 0.342062 0.251377 0.00343728
0.163 0.342891 0.253086 0.00345154
0.164 0.34371 0.254794 0.00351389
0.165 0.344527 0.256501 0.00351273
0.166 0.345335 0.258208 0.00355081
0.167 0.346137 0.259915 0.00358654
0.168 0.346932 0.261621 0.00361781
0.169 0.347722 0.263326 0.00362713
0.17 0.348502 0.265031 0.00367439
0.171 0.349278 0.266735 0.00368515
0.172 0.350045 0.268438 0.00372459
0.173 0.350805 0.270142 0.00376274
0.174 0.351561 0.271844 0.00377095
0.175 0.352308 0.273547 0.00380028
0.176 0.353045 0.275249 0.00385312
0.177 0.35378 0.27695 0.00385084
0.178 0.354505 0.278651 0.00388362
0.179 0.355223 0.280352 0.00389926
0.18 0.355933 0.282052 0.00393916
0.181 0.356633 0.283752 0.00399971
0.182 0.35733 0.285452 0.00400541
0.183 0.358017 0.287151 0.00404482
0.184 0.358697 0.28885 0.00406584
0.185 0.359369 0.290549 0.00409206
0.186 0.360032 0.292247 0.00413113
0.187 0.360689 0.293946 0.00414451
0.188 0.361337 0.295644 0.00418782
0.189 0.361978 0.297341 0.00418882
0.19 0.36261 0.299039 0.00421777
0.191 0.363233 0.300736 0.00425232
0.192 0.363846 0.302433 0.00431843
0.193 0.364454 0.30413 0.00432102
0.194 0.365053 0.305827 0.0043461
0.195 0.365643 0.307524 0.00437686
0.196 0.366223 0.30922 0.0044131
0.197 0.366796 0.310917 0.00442784
0.198 0.36736 0.312613 0.00445564
0.199 0.367915 0.314309 0.00448104
0.2 0.36846 0.316005 0.00451253
0.201 0.368995 0.317702 0.00457637
0.202 0.369523 0.319398 0.0045912
0.203 0.370042 0.321094 0.00459186
0.204 0.370549 0.32279 0.00464229
0.205 0.371049 0.324486 0.00464572
0.206 0.371538 0.326182 0.00470696
0.207 0.372018 0.327878 0.0047222
0.208 0.372488 0.329574 0.00475146
0.209 0.372948 0.331271 0.00477427
0.21 0.373397 0.332967 0.00484021
0.211 0.373838 0.334664 0.00482924
0.212 0.374267 0.33636 0.00488534
0.213 0.374687 0.338057 0.00491755
0.214 0.375097 0.339754 0.0049117
0.215 0.375495 0.341451 0.00494178
0.216 0.375881 0.343148 0.0050117
0.217 0.376259 0.344846 0.00500103
0.218 0.376624 0.346543 0.00506296
0.219 0.37698 0.348241 0.0050607
0.22 0.377324 0.34994 0.00509973
0.221 0.377656 0.351638 0.00513896
0.222 0.377977 0.353337 0.0051452
0.223 0.378286 0.355036 0.00520191
0.224 0.378585 0.356735 0.00517642
0.225 0.37887 0.358435 0.00522952
0.226 0.379143 0.360135 0.00528225
0.227 0.379406 0.361836 0.00526104
0.228 0.379655 0.363537 0.00529821
0.229 0.379892 0.365238 0.0053251
0.23 0.380115 0.36694 0.00538434
0.231 0.380327 0.368642 0.00540619
0.232 0.380525 0.370345 0.00541541
0.233 0.38071 0.372048 0.00545239
0.234 0.380882 0.373751 0.00549277
0.235 0.381041 0.375456 0.00552323
0.236 0.381186 0.377161 0.00551354
0.237 0.381317 0.378866 0.00556065
0.238 0.381434 0.380572 0.00555757
0.239 0.381536 0.382279 0.00562084
0.24 0.381625 0.383986 0.00562467
0.241 0.381699 0.385694 0.00567469
0.242 0.381757 0.387402 0.00577579
0.243 0.381801 0.389111 0.00580812
0.244 0.38183 0.390821 0.00586471
0.245 0.381843 0.392532 0.00589656
0.246 0.38184 0.394243 0.00590686
0.247 0.381822 0.395955 0.00599621
0.248 0.381788 0.397669 0.00599753
0.249 0.381737 0.399382 0.00608661
0.25 0.381669 0.401097 0.006112
0.251 0.381585 0.402813 0.00615417
0.252 0.381483 0.404529 0.00624266
0.253 0.381364 0.406247 0.00623717
0.254 0.381227 0.407966 0.0062674
0.255 0.381073 0.409685 0.00636948
0.256 0.3809 0.411406 0.00636916
0.257 0.380709 0.413128 0.00642229
0.258 0.380498 0.41485 0.00648685
0.259 0.380269 0.416573 0.00657388
0.26 0.38002 0.418299 0.00655623
0.261 0.379751 0.420025 0.00667563
0.262 0.379462 0.421752 0.00669094
0.263 0.379152 0.423481 0.0067193
0.264 0.378822 0.425211 0.00681124
0.265 0.378471 0.426942 0.00685703
0.266 0.378097 0.428674 0.00690839
0.267 0.377701 0.430409 0.00692898
0.268 0.377283 0.432144 0.00696904
0.269 0.376843 0.43388 0.0070707
0.27 0.376378 0.435619 0.00706493
0.271 0.37589 0.437359 0.00712206
0.272 0.375379 0.4391 0.00720126
0.273 0.374841 0.440843 0.00721455
0.274 0.37428 0.442587 0.00729285
0.275 0.373692 0.444334 0.00734957
0.276 0.373079 0.446081 0.00743319
0.277 0.372439 0.44783 0.00749219
0.278 0.371771 0.449582 0.0075326
0.279 0.371075 0.451335 0.00758477
0.28 0.370351 0.45309 0.00762841
0.281 0.369598 0.454847 0.00769699
0.282 0.368815 0.456606 0.0077562
0.283 0.368 0.458368 0.00774251
0.284 0.367155 0.460131 0.00780219
0.285 0.366279 0.461896 0.00784682
0.286 0.365371 0.463663 0.00792316
0.287 0.36443 0.465431 0.00802562
0.288 0.363452 0.467204 0.00801841
0.289 0.362442 0.468977 0.00809324
0.29 0.361395 0.470753 0.00815003
0.291 0.36031 0.472533 0.00816367
0.292 0.359192 0.474312 0.00828943
0.293 0.358033 0.476096 0.0083529
0.294 0.356835 0.477881 0.00841406
0.295 0.355592 0.479671 0.00840735
0.296 0.354313 0.481462 0.00848916
0.297 0.352987 0.483256 0.00851021
0.298 0.35162 0.485053 0.00857412
0.299 0.350206 0.486853 0.00861059
0.3 0.348746 0.488655 0.00866171
0.301 0.347238 0.490461 0.00871441
0.302 0.345686 0.492267 0.00885503
0.303 0.344078 0.494079 0.00889314
0.304 0.34242 0.495893 0.00897487
0.305 0.340705 0.497711 0.00900925
0.306 0.338935 0.499533 0.00904354
0.307 0.337108 0.501357 0.00908856
0.308 0.335221 0.503186 0.00912754
0.309 0.333273 0.505017 0.00918067
0.31 0.331269 0.50685 0.00933107
0.311 0.329193 0.508689 0.00938655
0.312 0.327045 0.510532 0.0093933
0.313 0.324831 0.512378 0.00946643
0.314 0.322546 0.514227 0.00955097
0.315 0.320177 0.516082 0.00954525
0.316 0.317739 0.517939 0.0096708
0.317 0.315215 0.519801 0.00972763
0.318 0.312601 0.521668 0.00975068
0.319 0.309902 0.523539 0.00981326
0.32 0.307107 0.525415 0.009838
0.321 0.304222 0.527294 0.00994603
0.322 0.301228 0.529179 0.00997506
0.323 0.298135 0.531067 0.0100762
0.324 0.294929 0.53296 0.0101629
0.325 0.291599 0.53486 0.0101763
0.326 0.288158 0.536762 0.0103049
0.327 0.284569 0.538673 0.0102699
0.328 0.280861 0.540586 0.0103914
0.329 0.277001 0.542506 0.0104484
0.33 0.272985 0.544431 0.0104863
0.331 0.268807 0.546362 0.0105276
0.332 0.264463 0.548298 0.0106176
0.333 0.259934 0.55024 0.0107121
0.334 0.255198 0.552189 0.0107352
0.335 0.250268 0.554141 0.0108812
0.336 0.245096 0.556102 0.0109247
0.337 0.239667 0.558071 0.0109124
0.338 0.233992 0.560044 0.0110338
0.339 0.228008 0.562025 0.0110529
0.34 0.221717 0.564012 0.0111416
0.341 0.21508 0.566004 0.0112675
0.342 0.20803 0.568007 0.0112796
0.343 0.200554 0.570016 0.0113519
0.344 0.192594 0.57203 0.0114703
0.345 0.184051 0.574055 0.0115048
0.346 0.174855 0.576088 0.0115344
0.347 0.164904 0.578128 0.0116031
0.348 0.154055 0.580174 0.0117319
0.349 0.142049 0.582232 0.0117385
0.35 0.128634 0.584297 0.0117929
0.351 0.113368 0.58637 0.0119217
0.352 0.0953906 0.588454 0.0119281
0.353 0.0732612 0.590546 0.0120071
0.354 0.0430476 0.592647 0.012105
0.355 0.00321451 0.594758 0.0121904
0.356 0.00547721 0.595966 0.0207746
0.357 0.00546618 0.597006 0.0580089
0.358 0.00549279 0.598048 0.0843798
0.359 0.00553269 0.59909 0.10504
0.36 0.00553399 0.600134 0.122408
0.361 0.00555774 0.601179 0.137603
0.362 0.00553405 0.602227 0.151201
0.363 0.0055466 0.603274 0.163598
0.364 0.00551523 0.604323 0.175018
0.365 0.00559859 0.60537 0.185674
0.366 0.00561713 0.60642 0.195651
0.367 0.00556946 0.607472 0.205048
0.368 0.00561884 0.608522 0.213975
0.369 0.00558748 0.609574 0.222459
0.37 0.00564613 0.610625 0.23058
0.371 0.00561116 0.611679 0.238347
0.372 0.00567016 0.612731 0.245826
0.373 0.00566801 0.613784 0.25302
0.374 0.00560082 0.61484 0.259956
0.375 0.00562695 0.615893 0.266677
0.376 0.00560008 0.616948 0.273182
0.377 0.00564484 0.618002 0.279503
0.378 0.00561189 0.619057 0.285636
0.379 0.00560954 0.620112 0.291608
0.38 0.00572829 0.621163 0.297438
0.381 0.00574066 0.622218 0.303112
0.382 0.00574927 0.623272 0.308651
0.383 0.00568384 0.624328 0.314057
0.384 0.00579837 0.62538 0.319362
0.385 0.00571471 0.626436 0.324535
0.386 0.00578176 0.627488 0.329617
0.387 0.00581163 0.628542 0.334596
0.388 0.00570961 0.629597 0.339469
0.389 0.00580378 0.630648 0.34427
0.39 0.00576353 0.631702 0.348974
0.391 0.0057388 0.632755 0.353599
0.392 0.00581583 0.633805 0.358155
0.393 0.0057957 0.634858 0.36263
0.394 0.00576509 0.635909 0.367035
0.395 0.00571508 0.636961 0.371372
0.396 0.00586553 0.638008 0.375658
0.397 0.00575551 0.63906 0.379867
0.398 0.00589383 0.640106 0.384032
0.399 0.00588467 0.641155 0.388132
0.4 0.00581427 0.642204 0.392175
0.401 0.00590787 0.643249 0.396176
0.402 0.00590017 0.644296 0.400122
0.403 0.00580666 0.645344 0.404015
0.404 0.00583014 0.646389 0.407869
0.405 0.00579659 0.647434 0.411676
0.406 0.0059472 0.648474 0.41545
0.407 0.00582973 0.64952 0.419169
0.408 0.00584402 0.650562 0.422855
0.409 0.00594978 0.651601 0.426508
0.41 0.00577209 0.652645 0.430111
0.411 0.00580198 0.653684 0.433688
0.412 0.00592667 0.65472 0.437234
0.413 0.00589026 0.655759 0.440741
0.414 0.00599666 0.656793 0.444221
0.415 0.00585025 0.657832 0.44766
0.416 0.00586132 0.658867 0.451076
0.417 0.00581513 0.659902 0.45446
0.418 0.00583143 0.660935 0.457819
0.419 0.00578729 0.661968 0.461148
0.42 0.00578988 0.662999 0.464453
0.421 0.00591532 0.664027 0.467736
0.422 0.00579949 0.665058 0.470986
0.423 0.00595953 0.666083 0.474222
0.424 0.00599685 0.66711 0.477429
0.425 0.00593042 0.668137 0.480612
0.426 0.00586974 0.669163 0.483772
0.427 0.0058713 0.670187 0.486913
0.428 0.00598216 0.671207 0.490036
0.429 0.00588597 0.67223 0.493134
0.43 0.00581281 0.673252 0.496212
0.431 0.00583711 0.674271 0.499275
0.432 0.00581134 0.675289 0.502317
0.433 0.0059613 0.676303 0.505346
0.434 0.00580238 0.677322 0.50835
0.435 0.00576954 0.678337 0.511341
0.436 0.00582832 0.679349 0.514316
0.437 0.00584762 0.68036 0.517275
0.438 0.00593529 0.68137 0.52022
0.439 0.00586618 0.68238 0.523146
0.44 0.00592395 0.683387 0.52606
0.441 0.00604673 0.684392 0.528961
0.442 0.00580859 0.685402 0.531842
0.443 0.005943 0.686404 0.534715
0.444 0.00587817 0.687408 0.537572
0.445 0.00594031 0.688408 0.540418
0.446 0.00604054 0.689407 0.543252
0.447 0.0059569 0.690407 0.546072
0.448 0.0059672 0.691405 0.54888
0.449 0.00582177 0.692404 0.551675
0.45 0.0059052 0.693397 0.554462
0.451 0.00579498 0.694392 0.557236
0.452 0.00601559 0.695381 0.560003
0.453 0.00599119 0.696372 0.562757
0.454 0.00601332 0.697361 0.565501
0.455 0.00578478 0.698352 0.568232
0.456 0.00577999 0.699339 0.570957
0.457 0.00594753 0.700321 0.573674
0.458 0.00585731 0.701306 0.57638
0.459 0.00585221 0.702288 0.579077
0.46 0.00586102 0.703269 0.581767
0.461 0.00574204 0.70425 0.584446
0.462 0.00575404 0.705227 0.587119
0.463 0.00594521 0.7062 0.589786
0.464 0.0057778 0.707178 0.592442
0.465 0.00582417 0.70815 0.595092
0.466 0.00596515 0.709119 0.597736
0.467 0.00572489 0.710093 0.600371
0.468 0.00598043 0.711058 0.603001
0.469 0.00580148 0.712027 0.605623
0.47 0.00583275 0.712992 0.608239
0.471 0.00572942 0.713958 0.610848
0.472 0.0058148 0.714919 0.613453
0.473 0.00600322 0.715876 0.616052
0.474 0.00576192 0.716839 0.618643
0.475 0.00565722 0.717798 0.62123
0.476 0.00583263 0.718752 0.623813
0.477 0.00573304 0.719707 0.626389
0.478 0.00594562 0.720657 0.628962
0.479 0.00598052 0.721607 0.631529
0.48 0.00576822 0.72256 0.634091
0.481 0.00582752 0.723507 0.636649
0.482 0.00560518 0.724456 0.639203
0.483 0.00568431 0.725399 0.641752
0.484 0.0058789 0.726339 0.644298
0.485 0.005975 0.727279 0.64684
0.486 0.0058155 0.72822 0.649378
0.487 0.00592118 0.729156 0.651913
0.488 0.00573945 0.730095 0.654445
0.489 0.00558688 0.731031 0.656973
0.49 0.00590317 0.731959 0.659498
0.491 0.00593117 0.732889 0.66202
0.492 0.00583435 0.73382 0.66454
0.493 0.00575571 0.734748 0.667057
0.494 0.00565042 0.735675 0.669571
0.495 0.00569713 0.736598 0.672083
0.496 0.00557992 0.737522 0.674593
0.497 0.00559017 0.738442 0.677101
0.498 0.00588586 0.739356 0.679605
0.499 0.00570739 0.740275 0.68211
0.5 0.00553141 0.741192 0.684613
0.501 0.00574152 0.742102 0.687112
0.502 0.00556941 0.743016 0.689612
0.503 0.00560332 0.743924 0.69211
0.504 0.00577297 0.744829 0.694605
0.505 0.00578402 0.745734 0.697101
0.506 0.00551227 0.746642 0.699597
0.507 0.00549571 0.747544 0.702091
0.508 0.005618 0.748442 0.704583
0.509 0.00573122 0.749338 0.707075
0.51 0.00582762 0.750233 0.709566
0.511 0.00575355 0.751128 0.712059
0.512 0.00543553 0.752025 0.714553
0.513 0.00573845 0.752911 0.717042
0.514 0.00584485 0.753797 0.719533
0.515 0.005636 0.754686 0.722026
0.516 0.00571025 0.75557 0.724518
0.517 0.00546682 0.756455 0.727012
0.518 0.00575257 0.757332 0.729503
0.519 0.00572013 0.758211 0.731997
0.52 0.00572919 0.759087 0.734491
0.521 0.0054862 0.759964 0.736989
0.522 0.0053908 0.760838 0.739486
0.523 0.00558673 0.761705 0.741982
0.524 0.00548224 0.762575 0.744482
0.525 0.00564793 0.763439 0.74698
0.526 0.00548685 0.764305 0.749484
0.527 0.00579092 0.765163 0.751984
0.528 0.00567237 0.766024 0.75449
0.529 0.00570622 0.766881 0.756997
0.53 0.00555819 0.767738 0.759508
0.531 0.00558885 0.768591 0.762019
0.532 0.00541341 0.769445 0.764534
0.533 0.00547027 0.770293 0.767049
0.534 0.00568272 0.771137 0.769565
0.535 0.00555684 0.771983 0.772088
0.536 0.00552064 0.772826 0.774612
0.537 0.00538476 0.773668 0.77714
0.538 0.00532459 0.774506 0.779671
0.539 0.00522195 0.775343 0.782205
0.54 0.00523947 0.776176 0.784741
0.541 0.00532454 0.777006 0.78728
0.542 0.00509831 0.777838 0.789826
0.543 0.00500802 0.778665 0.792375
0.544 0.00529923 0.779486 0.794921
0.545 0.00503765 0.780311 0.79748
0.546 0.00472377 0.781134 0.800043
0.547 0.00467341 0.781951 0.802607
0.548 0.0051117 0.782761 0.805168
0.549 0.00506018 0.783573 0.807741
0.55 0.00501687 0.784383 0.810318
0.551 0.00457073 0.785196 0.812907
0.552 0.00491033 0.785996 0.815488
0.553 0.00469182 0.786801 0.818083
0.554 0.00432682 0.787605 0.820686
0.555 0.00475623 0.788397 0.823281
0.556 0.00426513 0.789198 0.825897
0.557 0.00447485 0.789987 0.828507
0.558 0.00437981 0.790778 0.831128
0.559 0.00427932 0.791566 0.833755
0.56 0.00414087 0.792351 0.836389
0.561 0.00440363 0.79313 0.839022
0.562 0.0042447 0.79391 0.84167
0.563 0.00405575 0.794688 0.844325
0.564 0.00376966 0.795465 0.846988
0.565 0.00409853 0.796232 0.849647
0.566 0.00382097 0.797002 0.852324
0.567 0.00368367 0.797769 0.855007
0.568 0.00393042 0.798528 0.857689
0.569 0.00345961 0.799293 0.860394
0.57 0.00372027 0.800046 0.863091
0.571 0.00339581 0.800803 0.865809
0.572 0.00352067 0.801552 0.868526
0.573 0.00374866 0.802297 0.871249
0.574 0.00333997 0.803046 0.873994
0.575 0.00355717 0.803785 0.876735
0.576 0.00298881 0.80453 0.879502
0.577 0.00320001 0.805263 0.882261
0.578 0.00326983 0.805994 0.885033
0.579 0.00289935 0.806727 0.887825
0.58 0.00304048 0.807451 0.890615
0.581 0.00303243 0.808174 0.893418
0.582 0.002673 0.808897 0.89624
0.583 0.00309118 0.809608 0.899055
0.584 0.00299954 0.810322 0.901893
0.585 0.00279525 0.811033 0.904744
0.586 0.00281823 0.811739 0.907601
0.587 0.00226648 0.812447 0.910484
0.588 0.00259777 0.813142 0.913357
0.589 0.00236497 0.81384 0.916256
0.59 0.0024615 0.81453 0.91916
0.591 0.00228531 0.81522 0.922083
0.592 0.00190867 0.815909 0.925023
0.593 0.00180612 0.81659 0.92797
0.594 0.00221095 0.817263 0.930919
0.595 0.00187212 0.817939 0.933899
0.596 0.00178093 0.818609 0.936888
0.597 0.00152777 0.819277 0.939895
0.598 0.0015021 0.819939 0.942911
0.599 0.00183666 0.820592 0.945933
0.6 0.00168178 0.821247 0.948982
0.601 0.00165084 0.821896 0.952044
0.602 0.0010426 0.822547 0.955138
0.603 0.00153769 0.823183 0.958219
0.604 0.00115744 0.823822 0.961339
0.605 0.000794357 0.824458 0.964477
0.606 0.000711974 0.825086 0.967624
0.607 0.000889095 0.825707 0.970783
0.608 0.000686406 0.826327 0.97397
0.609 0.00044834 0.826942 0.977176
0.61 0.00045956 0.827551 0.980395
0.611 0.000417431 0.828155 0.983635
0.612 0.000438099 0.828754 0.986893
0.613 0.000234611 0.82935 0.990178
0.614 5.44454e-05 0.82994 0.993483
0.615 4.58878e-06 0.830524 0.996805
0.616 0.00766462 0.831032 0.999928
0.617 0.0955985 0.830569 0.999999
0.618 0.145655 0.830049 0.999838
0.619 0.179047 0.829646 1
0.62 0.207832 0.82921 0.999999
0.621 0.232498 0.828789 0.999999
0.622 0.254277 0.828384 0.999999
0.623 0.273889 0.827994 0.999999
0.624 0.291797 0.827619 0.999998
0.625 0.308312 0.827259 1
0.626 0.323685 0.826913 0.999999
0.627 0.338079 0.826581 0.999999
0.628 0.351625 0.826264 1
0.629 0.36444 0.82596 1
0.63 0.376605 0.825669 0.999999
0.631 0.388188 0.825392 0.999999
0.632 0.399255 0.825127 0.999998
0.633 0.409851 0.824875 0.999998
0.634 0.420017 0.824635 0.999997
0.635 0.429787 0.824408 0.999998
0.636 0.439199 0.824193 0.999999
0.637 0.448278 0.823989 1
0.638 0.457056 0.823797 0.999998
0.639 0.465541 0.823617 0.999999
0.64 0.473762 0.823447 0.999998
0.641 0.481734 0.823288 0.999998
0.642 0.489469 0.823141 0.999999
0.643 0.496984 0.823004 0.999999
0.644 0.504293 0.822877 0.999999
0.645 0.511408 0.82276 0.999998
0.646 0.518334 0.822654 1
0.647 0.525087 0.822557 1
0.648 0.531677 0.822469 0.999998
0.649 0.538102 0.822392 1
0.65 0.544384 0.822324 0.999997
0.651 0.550516 0.822265 0.999998
0.652 0.556513 0.822215 0.999998
0.653 0.562376 0.822174 0.999999
0.654 0.568118 0.822142 0.999999
0.655 0.573738 0.822118 0.999998
0.656 0.579244 0.822103 0.999998
0.657 0.584637 0.822096 0.999999
0.658 0.589924 0.822097 1
0.659 0.595111 0.822106 0.999999
0.66 0.600201 0.822124 0.999998
0.661 0.605194 0.822149 0.999998
0.662 0.610096 0.822181 0.999997
0.663 0.61491 0.822222 0.999998
0.664 0.619637 0.822269 1
0.665 0.624285 0.822324 0.999998
0.666 0.628853 0.822386 0.999998
0.667 0.633343 0.822456 0.999999
0.668 0.63776 0.822532 0.999999
0.669 0.642106 0.822614 0.999999
0.67 0.646382 0.822704 0.999998
0.671 0.650589 0.8228 0.999999
0.672 0.654732 0.822903 0.999998
0.673 0.658811 0.823012 0.999999
0.674 0.662827 0.823128 1
0.675 0.666784 0.82325 1
0.676 0.670684 0.823378 0.999999
0.677 0.674529 0.823511 0.999997
0.678 0.678316 0.823651 0.999998
0.679 0.68205 0.823797 0.999998
0.68 0.685731 0.823948 0.999999
0.681 0.689364 0.824105 0.999998
0.682 0.692945 0.824268 1
0.683 0.696481 0.824436 0.999997
0.684 0.699968 0.824609 0.999997
0.685 0.703409 0.824788 0.999999
0.686 0.706805 0.824972 0.999999
0.687 0.710159 0.825162 0.999999
0.688 0.71347 0.825356 0.999999
0.689 0.716739 0.825555 0.999999
0.69 0.719968 0.825759 1
0.691 0.723159 0.825968 0.999998
0.692 0.726308 0.826182 1
0.693 0.729423 0.826401 0.999998
0.694 0.732498 0.826624 0.999999
0.695 0.735538 0.826851 1
0.696 0.738544 0.827084 0.999999
0.697 0.741514 0.82732 0.999999
0.698 0.744451 0.827561 0.999999
0.699 0.747355 0.827807 0.999999
0.7 0.750226 0.828056 1
0.701 0.753066 0.82831 0.999998
0.702 0.755875 0.828567 0.999998
0.703 0.758652 0.828829 0.999999
0.704 0.761401 0.829095 0.999999
0.705 0.76412 0.829365 0.999999
0.706 0.766811 0.829638 0.999999
0.707 0.769474 0.829916 0.999998
0.708 0.772108 0.830197 1
0.709 0.774751 0.830483 0.999914
0.71 0.777459 0.830778 0.999598
0.711 0.780151 0.831079 0.999236
0.712 0.782816 0.831386 0.998854
0.713 0.785456 0.8317 0.998447
0.714 0.788076 0.83202 0.998
0.715 0.789368 0.832438 0.999645
0.716 0.79194 0.832771 0.999157
0.717 0.794493 0.833112 0.998623
0.718 0.797019 0.83346 0.998065
0.719 0.799524 0.833817 0.997458
0.72 0.802006 0.834182 0.996809
0.721 0.804468 0.834557 0.996105
0.722 0.806909 0.834941 0.995342
0.723 0.809319 0.835334 0.994554
0.724 0.811716 0.83574 0.993668
0.725 0.814086 0.836156 0.992731
0.726 0.816432 0.836585 0.991727
0.727 0.818763 0.837029 0.9906
0.728 0.821063 0.837486 0.989421
0.729 0.823347 0.837962 0.988109
0.73 0.825607 0.838455 0.986675
0.731 0.827838 0.838967 0.985141
0.732 0.830048 0.839502 0.983434
0.733 0.832234 0.840062 0.981552
0.734 0.834267 0.840575 0.980394
0.735 0.836106 0.840991 0.980457
0.736 0.837937 0.841414 0.980467
0.737 0.839746 0.841834 0.980532
0.738 0.841542 0.842256 0.980598
0.739 0.843323 0.84268 0.980664
0.74 0.84509 0.843106 0.980732
0.741 0.846844 0.843533 0.9808
0.742 0.848574 0.843946 0.981027
0.743 0.850298 0.844366 0.981196
0.744 0.852027 0.844828 0.980998
0.745 0.853723 0.845245 0.981225
0.746 0.855411 0.84567 0.981394
0.747 0.85709 0.846108 0.98146
0.748 0.858757 0.84655 0.981501
0.749 0.860411 0.847013 0.98139
0.75 0.862054 0.847425 0.981713
0.751 0.863681 0.847902 0.981523
0.752 0.865305 0.848315 0.981845
0.753 0.866913 0.848763 0.981909
0.754 0.868506 0.849224 0.981891
0.755 0.870113 0.849616 0.982381
0.756 0.871716 0.850007 0.982873
0.757 0.873325 0.850378 0.983502
0.758 0.874931 0.850751 0.984105
0.759 0.876532 0.851129 0.984665
0.76 0.878132 0.851504 0.985237
0.761 0.879723 0.851888 0.985742
0.762 0.881314 0.852267 0.986272
0.763 0.882901 0.852647 0.986787
0.764 0.884481 0.853031 0.987269
0.765 0.88606 0.853414 0.987759
0.766 0.887629 0.853802 0.988203
0.767 0.889194 0.854191 0.988642
0.768 0.890756 0.854579 0.989083
0.769 0.89231 0.85497 0.989497
0.77 0.893858 0.855364 0.989893
0.771 0.8954 0.85576 0.990279
0.772 0.89694 0.856152 0.990676
0.773 0.898468 0.856552 0.991028
0.774 0.899996 0.856948 0.991403
0.775 0.901513 0.85735 0.99174
0.776 0.903023 0.857753 0.992068
0.777 0.90453 0.858155 0.992398
0.778 0.906029 0.85856 0.992715
0.779 0.907519 0.858968 0.993012
0.78 0.909006 0.859374 0.993318
0.781 0.910486 0.859782 0.99361
0.782 0.911961 0.860191 0.993899
0.783 0.913422 0.860607 0.994154
0.784 0.914884 0.861017 0.99443
0.785 0.916332 0.861435 0.994675
0.786 0.91778 0.861849 0.994934
0.787 0.919216 0.862268 0.995167
0.788 0.920651 0.862684 0.995415
0.789 0.922073 0.863106 0.995637
0.79 0.92349 0.863528 0.995855
0.791 0.924905 0.863948 0.996082
0.792 0.926309 0.864372 0.996293
0.793 0.927706 0.864797 0.996496
0.794 0.929098 0.865223 0.996695
0.795 0.930477 0.865653 0.996876
0.796 0.931854 0.866082 0.997065
0.797 0.933223 0.866513 0.997242
0.798 0.934589 0.866942 0.997427
0.799 0.935948 0.867373 0.997605
0.8 0.937287 0.867814 0.997744
0.801 0.938633 0.868246 0.997913
0.802 0.939972 0.86868 0.998078
0.803 0.9413 0.869119 0.998225
0.804 0.942622 0.869557 0.998372
0.805 0.943942 0.869994 0.998523
0.806 0.945253 0.870434 0.998665
0.807 0.946551 0.870878 0.998792
0.808 0.94784 0.871325 0.998907
0.809 0.949137 0.871765 0.999049
0.81 0.95041 0.872215 0.999153
0.811 0.951699 0.872654 0.999295
0.812 0.952954 0.873109 0.999384
0.813 0.954233 0.873549 0.999523
0.814 0.955489 0.873998 0.99963
0.815 0.956739 0.874449 0.999732
0.816 0.957986 0.874898 0.999838
0.817 0.959225 0.875349 0.999939
0.818 0.961434 0.875733 0.99787
0.819 0.962659 0.876187 0.997962
0.82 0.963863 0.876649 0.998028
0.821 0.965093 0.877095 0.998143
0.822 0.966298 0.877552 0.998224
0.823 0.9675 0.878008 0.998306
0.824 0.968694 0.878466 0.998384
0.825 0.969879 0.878926 0.998454
0.826 0.971054 0.87939 0.998515
0.827 0.972228 0.879851 0.998581
0.828 0.973389 0.880318 0.998634
0.829 0.974576 0.880768 0.99873
0.83 0.975713 0.881242 0.998763
0.831 0.97686 0.881708 0.998814
0.832 0.978041 0.882156 0.998917
0.833 0.979155 0.882635 0.998935
0.834 0.980319 0.883087 0.999024
0.835 0.981428 0.883564 0.999047
0.836 0.982551 0.884032 0.999093
0.837 0.983669 0.8845 0.999138
0.838 0.984817 0.884952 0.999224
0.839 0.985927 0.88542 0.999268
0.84 0.987008 0.885901 0.999281
0.841 0.988121 0.886364 0.999338
0.842 0.989212 0.886835 0.999372
0.843 0.990302 0.887306 0.999409
0.844 0.99137 0.887785 0.999425
0.845 0.992479 0.888242 0.999492
0.846 0.993553 0.888714 0.999523
0.847 0.994623 0.889187 0.999553
0.848 0.995688 0.889659 0.999583
0.849 0.996742 0.890136 0.999602
0.85 0.997795 0.89061 0.999626
0.851 0.998853 0.891081 0.999658
0.852 0.999901 0.891554 0.999683
0.853 0.999998 0.892469 0.998735
0.854 0.999999 0.893424 0.997717
0.855 0.999999 0.894373 0.996729
0.856 1 0.895317 0.99577
0.857 0.999998 0.896257 0.994836
0.858 0.999998 0.89719 0.993932
0.859 0.999998 0.898119 0.993054
0.86 0.999998 0.899042 0.992202
0.861 1 0.89996 0.991378
0.862 0.999999 0.900874 0.990576
0.863 0.999999 0.901784 0.989799
0.864 0.999998 0.902689 0.989045
0.865 0.999999 0.903589 0.988316
0.866 1 0.904484 0.98761
0.867 0.999999 0.905376 0.986925
0.868 0.999999 0.906263 0.986262
0.869 0.999999 0.907146 0.98562
0.87 0.999998 0.908025 0.984999
0.871 0.999999 0.9089 0.984399
0.872 0.999998 0.909771 0.983818
0.873 1 0.910637 0.983259
0.874 0.999998 0.911501 0.982716
0.875 0.999999 0.91236 0.982194
0.876 0.999998 0.913216 0.981689
0.877 0.999999 0.914068 0.981204
0.878 0.999999 0.914916 0.980735
0.879 0.999998 0.915761 0.980283
0.88 0.999999 0.916602 0.979849
0.881 1 0.91744 0.979432
0.882 0.999999 0.918274 0.97903
0.883 0.999997 0.919106 0.978644
0.884 0.999996 0.919934 0.978274
0.885 0.999997 0.920758 0.97792
0.886 1 0.921578 0.977583
0.887 0.999997 0.922398 0.977257
0.888 0.999998 0.923212 0.976949
0.889 1 0.924023 0.976655
0.89 0.999996 0.924833 0.976371
0.891 0.999999 0.925638 0.976106
0.892 0.999997 0.926442 0.975851
0.893 1 0.92724 0.975612
0.894 0.999998 0.928038 0.975384
0.895 0.999998 0.928832 0.975169
0.896 0.999999 0.929623 0.974968
0.897 0.999997 0.930412 0.974778
0.898 0.999998 0.931197 0.974601
0.899 0.999997 0.93198 0.974436
0.9 0.999999 0.93276 0.974283
0.901 0.999999 0.933537 0.974142
0.902 0.999998 0.934312 0.974011
0.903 0.999997 0.935085 0.973891
0.904 0.999999 0.935854 0.973784
0.905 0.999999 0.936621 0.973687
0.906 0.999998 0.937385 0.9736
0.907 0.999997 0.938148 0.973524
0.908 0.999999 0.938907 0.973459
0.909 0.999999 0.939664 0.973404
0.91 0.999997 0.940419 0.973358
0.911 0.999999 0.94117 0.973323
0.912 0.999999 0.94192 0.973298
0.913 0.999997 0.942667 0.973281
0.914 0.999999 0.943412 0.973275
0.915 0.999998 0.944155 0.973277
0.916 0.999997 0.944895 0.973289
0.917 0.999998 0.945633 0.97331
0.918 0.999999 0.946368 0.973341
0.919 0.999999 0.947102 0.973379
0.92 0.999998 0.947833 0.973426
0.921 0.999998 0.948562 0.973482
0.922 0.999997 0.949289 0.973546
0.923 0.999999 0.950013 0.973619
0.924 1 0.950735 0.9737
0.925 0.999999 0.951456 0.973788
0.926 0.999998 0.952174 0.973885
0.927 0.999998 0.95289 0.97399
0.928 0.999999 0.953604 0.974102
0.929 0.999998 0.954316 0.974222
0.93 0.999999 0.955025 0.97435
0.931 0.999999 0.955733 0.974485
0.932 1 0.956439 0.974628
0.933 0.999999 0.957142 0.974777
0.934 0.999999 0.957844 0.974934
0.935 0.999997 0.958544 0.975097
0.936 0.999996 0.959242 0.975268
0.937 1 0.959936 0.975447
0.938 0.999996 0.960631 0.97563
0.939 0.999998 0.961322 0.975822
0.94 1 0.962012 0.97602
0.941 0.999997 0.9627 0.976224
0.942 0.999998 0.963386 0.976436
0.943 0.999997 0.96407 0.976653
0.944 0.999998 0.964752 0.976877
0.945 0.999997 0.965433 0.977107
0.946 0.999997 0.966111 0.977343
0.947 0.999998 0.966788 0.977586
0.948 0.999997 0.967463 0.977835
0.949 0.999997 0.968135 0.978089
0.95 1 0.968805 0.97835
0.951 0.999999 0.969475 0.978616
0.952 0.999997 0.970143 0.978889
0.953 1 0.970808 0.979167
0.954 0.999997 0.971473 0.97945
0.955 0.999999 0.972134 0.97974
0.956 0.999997 0.972795 0.980035
0.957 0.999997 0.973453 0.980335
0.958 0.999999 0.97411 0.980641
0.959 1 0.974764 0.980953
0.96 1 0.975418 0.98127
0.961 0.999999 0.97607 0.981592
0.962 0.999998 0.97672 0.981919
0.963 0.999999 0.977368 0.982251
0.964 1 0.978014 0.982589
0.965 0.999999 0.978659 0.982932
0.966 0.999997 0.979303 0.98328
0.967 0.999999 0.979944 0.983633
0.968 0.999995 0.980585 0.983991
0.969 0.999999 0.981222 0.984354
0.97 0.999997 0.981859 0.984722
0.971 0.999997 0.982494 0.985095
0.972 0.999997 0.983127 0.985472
0.973 0.999997 0.983758 0.985855
0.974 0.999999 0.984388 0.986242
0.975 0.999997 0.985017 0.986634
0.976 0.999997 0.985643 0.987031
0.977 0.999999 0.986268 0.987432
0.978 0.999999 0.986891 0.987838
0.979 0.999999 0.987513 0.988248
0.98 0.999997 0.988134 0.988663
0.981 0.999997 0.988753 0.989083
0.982 0.999999 0.989369 0.989507
0.983 0.999999 0.989985 0.989936
0.984 0.999999 0.990599 0.990369
0.985 0.999997 0.991212 0.990806
0.986 0.999997 0.991823 0.991248
0.987 1 0.992431 0.991694
0.988 0.999997 0.99304 0.992145
0.989 1 0.993645 0.9926
0.99 1 0.99425 0.993059
0.991 0.999998 0.994854 0.993523
0.992 1 0.995455 0.99399
0.993 0.999997 0.996056 0.994462
0.994 0.999999 0.996654 0.994938
0.995 0.999999 0.997251 0.995419
0.996 0.999999 0.997846 0.995903
0.997 0.999997 0.998441 0.996392
0.998 1 0.998984 0.996872
0.999 1 0.999443 0.99733
1 1 0.9999 0.997788
